9.041046995835811950e-01
9.076520290372486199e-01
9.079652339564233676e-01
9.046087888531618715e-01
9.080514530728918121e-01



7.959547888161808693e-01
7.909080090443889599e-01
7.884271937135373109e-01
7.838513754912468379e-01
7.889471176750834092e-01
7.959547888161808693e-01
7.909080090443889599e-01
7.884271937135373109e-01
7.838513754912468379e-01
7.889471176750834092e-01

8.632956573468173467e-01
8.646911817208140505e-01
8.639123705203000103e-01
8.610217934976777121e-01
8.612434492615531623e-01

9.041046995835811950e-01
9.076520290372486199e-01
9.079652339564233676e-01
9.046087888531618715e-01
9.080514530728918121e-01

7.959547888161808693e-01
7.909080090443889599e-01
7.884271937135373109e-01
7.838513754912468379e-01
7.889471176750834092e-01

9.365853658536585913e-01
9.363322622872783940e-01
9.417787831884748551e-01
9.348576872692628825e-01
9.404478323010957430e-01

9.622843545508625862e-01
9.615613471379269583e-01
9.605905464936301819e-01
9.616529712992735179e-01
9.608146736541209876e-01

9.637120761451516415e-01
9.638224443651076667e-01
9.615430408381949734e-01
9.655829462903418037e-01
9.651024297284420683e-01

9.647828673408684885e-01
9.666785671783886258e-01
9.634480295273246675e-01
9.659402167440752640e-01
9.666507860886136561e-01

9.659726353361094420e-01
9.659645364750684138e-01
9.641624002857482889e-01
9.667738478027867455e-01
9.677227251071939262e-01

7.959547888161808693e-01
7.909080090443889599e-01
7.884271937135373109e-01
7.838513754912468379e-01
7.889471176750834092e-01

9.365853658536585913e-01
9.363322622872783940e-01
9.417787831884748551e-01
9.348576872692628825e-01
9.404478323010957430e-01

9.607376561570494244e-01
9.600142806140663509e-01
9.574949398737945261e-01
9.609384303918065973e-01
9.596236303001429713e-01

9.622843545508625862e-01
9.615613471379269583e-01
9.605905464936301819e-01
9.616529712992735179e-01
9.608146736541209876e-01

9.626412849494349055e-01
9.623943829584672427e-01
9.605905464936301819e-01
9.637965940216743910e-01
9.634349690328728455e-01

9.626412849494349055e-01
9.629894085445673824e-01
9.601142993213477306e-01
9.635584137191853804e-01
9.639113863744640520e-01

9.631171921475312203e-01
9.626323931929072764e-01
9.607096082867008224e-01
9.643920447778968619e-01
9.642686993806574014e-01

9.637120761451516415e-01
9.638224443651076667e-01
9.615430408381949734e-01
9.655829462903418037e-01
9.651024297284420683e-01

9.647828673408684885e-01
9.666785671783886258e-01
9.634480295273246675e-01
9.659402167440752640e-01
9.666507860886136561e-01

9.659726353361094420e-01
9.659645364750684138e-01
9.641624002857482889e-01
9.667738478027867455e-01
9.677227251071939262e-01

7.959547888161808693e-01
7.909080090443889599e-01
7.884271937135373109e-01
7.838513754912468379e-01
7.889471176750834092e-01

9.365853658536585913e-01
9.363322622872783940e-01
9.417787831884748551e-01
9.348576872692628825e-01
9.404478323010957430e-01

9.527662105889351807e-01
9.525169582292039028e-01
9.538040242886057785e-01
9.534357508634035971e-01
9.558122915674130970e-01

9.574063057703747770e-01
9.581101987385457486e-01
9.566615073223002641e-01
9.584375372156722639e-01
9.584325869461648439e-01

9.607376561570494244e-01
9.600142806140663509e-01
9.574949398737945261e-01
9.609384303918065973e-01
9.596236303001429713e-01

9.622843545508625862e-01
9.615613471379269583e-01
9.605905464936301819e-01
9.616529712992735179e-01
9.608146736541209876e-01

9.626412849494349055e-01
9.623943829584672427e-01
9.605905464936301819e-01
9.637965940216743910e-01
9.634349690328728455e-01

9.631171921475312203e-01
9.626323931929072764e-01
9.607096082867008224e-01
9.643920447778968619e-01
9.642686993806574014e-01

9.637120761451516415e-01
9.638224443651076667e-01
9.615430408381949734e-01
9.655829462903418037e-01
9.651024297284420683e-01

9.647828673408684885e-01
9.666785671783886258e-01
9.634480295273246675e-01
9.659402167440752640e-01
9.666507860886136561e-01

9.659726353361094420e-01
9.659645364750684138e-01
9.641624002857482889e-01
9.667738478027867455e-01
9.677227251071939262e-01

